008c 00
008d 07
0090 00
0091 00
0092 00
0093 00
00aa 00
00ab 00
00ac 00
00b3 00
00b4 00
00b5 00
00c9 00
00ca 00
00d5 00
00d6 00
00e8 00
00e9 00
00f6 00
00f7 00
018c 00
018d 03
0191 00
0192 00
0193 00
01aa 00
01ab 00
01b4 00
01b5 00
01c9 00
01ca 00
01d5 00
01d6 00
01e8 00
01e9 00
01f6 00
01f7 00
028c 00
028d 02
0292 00
0293 00
02aa 00
02ab 00
02b4 00
02b5 00
02c9 00
02ca 00
02d5 00
02d6 00
02e8 00
02e9 00
02f6 00
02f7 00
036f f0
0370 00
0371 00
038b 00
038c 00
038d 00
0392 00
0393 00
0394 00
03aa 00
03ab 00
03b4 00
03b5 00
03c9 00
03ca 00
03d5 00
03d6 00
03e8 00
03e9 00
03f6 00
03f7 00
046f f0
0470 00
0471 00
048b 00
048c 00
048d 00
0492 00
0493 00
0494 00
04aa 00
04ab 00
04b4 00
04b5 00
04c9 00
04ca 00
04d5 00
04d6 00
04e8 00
04e9 00
04f6 00
04f7 00
056f f0
0570 00
0571 00
0572 00
058b 00
058c 00
0593 00
0594 00
05aa 00
05ab 00
05b4 00
05b5 00
05c9 00
05ca 00
05d5 00
05d6 00
05e8 00
05e9 00
05f6 00
05f7 00
066d 0f
066f f0
0670 00
0671 00
0672 00
068b 00
068c 00
0693 00
0694 00
06aa 00
06b5 00
06c9 00
06d6 00
06e8 00
06e9 00
06f6 00
06f7 00
076c 00
076d 07
076f f0
0770 00
0771 00
0772 00
0773 00
078b 00
078c 00
0793 00
0794 00
07a9 00
07aa 00
07b5 00
07b6 00
07c9 00
07d6 00
07e8 00
07e9 00
07f6 00
07f7 00
0808 00
0809 00
0816 00
0817 00
0827 00
0828 00
0837 00
0838 00
0847 00
0848 00
0857 00
0858 00
0867 00
0868 00
0877 00
0878 00
0887 00
0898 00
08a7 00
08a8 00
08b7 00
08b8 00
08c7 00
08c8 00
08d7 00
08d8 00
08e7 00
08e8 00
08f7 00
08f8 00
0908 00
0917 00
0927 00
0928 00
0937 00
0938 00
0947 00
0948 00
0957 00
0958 00
0967 00
0968 00
0977 00
0978 00
0987 00
0998 00
09a7 00
09a8 00
09b7 00
09b8 00
09c7 00
09c8 00
09d7 00
09d8 00
09e8 00
09f7 00
0a08 00
0a17 00
0a27 00
0a28 00
0a37 00
0a38 00
0a47 00
0a48 00
0a57 00
0a58 00
0a67 00
0a68 00
0a77 00
0a78 00
0a87 00
0a98 00
0aa7 00
0aa8 00
0ab7 00
0ab8 00
0ac7 00
0ac8 00
0ad7 00
0ad8 00
0ae8 00
0af7 00
0b08 00
0b17 00
0b27 00
0b28 00
0b37 00
0b38 00
0b47 00
0b48 00
0b57 00
0b58 00
0b67 00
0b68 00
0b77 00
0b78 00
0b87 00
0b98 00
0ba7 00
0ba8 00
0bb7 00
0bb8 00
0bc7 00
0bc8 00
0bd7 00
0bd8 00
0be8 00
0bf7 00
0c08 00
0c17 00
0c27 00
0c28 00
0c37 00
0c38 00
0c47 00
0c48 00
0c57 00
0c58 00
0c67 00
0c68 00
0c77 00
0c78 00
0c87 00
0c88 00
0c97 00
0c98 00
0ca7 00
0ca8 00
0cb7 00
0cb8 00
0cc7 00
0cc8 00
0cd7 00
0cd8 00
0ce8 00
0cf7 00
0d08 00
0d17 00
0d27 00
0d28 00
0d37 00
0d38 00
0d47 00
0d48 00
0d57 00
0d58 00
0d67 00
0d78 00
0d87 00
0d88 00
0d97 00
0d98 00
0da7 00
0da8 00
0db7 00
0db8 00
0dc7 00
0dc8 00
0dd7 00
0dd8 00
0de8 00
0df7 00
0e08 00
0e17 00
0e27 00
0e28 00
0e37 00
0e38 00
0e47 00
0e48 00
0e57 00
0e58 00
0e67 00
0e78 00
0e87 00
0e88 00
0e97 00
0e98 00
0ea7 00
0ea8 00
0eb7 00
0eb8 00
0ec7 00
0ec8 00
0ed7 00
0ed8 00
0ee8 00
0ef7 00
0f07 00
0f08 00
0f17 00
0f18 00
0f27 00
0f28 00
0f37 00
0f38 00
0f47 00
0f48 00
0f57 00
0f58 00
0f67 00
0f78 00
0f87 00
0f88 00
0f97 00
0f98 00
0fa7 00
0fa8 00
0fb7 00
0fb8 00
0fc7 00
0fc8 00
0fd7 00
0fd8 00
0fe8 00
0fe9 00
0ff6 00
0ff7 00
1008 00
1009 00
1016 00
1017 00
1029 00
1036 00
1049 00
104a 00
1055 00
1056 00
106b 00
106c 00
1073 00
1074 00
108c 00
108d 00
108e 00
108f 00
1090 00
1091 00
1092 00
1093 00
1108 00
1109 00
1116 00
1117 00
1129 00
1136 00
114a 00
1155 00
116b 00
116c 00
1173 00
1174 00
118d 00
118e 00
118f 00
1190 00
1191 00
1192 00
1208 00
1209 00
1216 00
1217 00
1229 00
122a 00
1235 00
1236 00
124a 00
124b 00
1254 00
1255 00
126b 00
126c 00
1273 00
1274 00
128d 00
128e 00
128f 00
1290 00
1291 00
1292 00
1308 00
1309 00
1316 00
1317 00
1329 00
132a 00
1335 00
1336 00
134a 00
134b 00
1354 00
1355 00
136b 00
136c 00
136d 00
1372 00
1373 00
1374 00
138e 00
138f 00
1390 00
1391 00
1408 00
1409 00
1416 00
1417 00
1429 00
142a 00
1435 00
1436 00
144a 00
144b 00
1454 00
1455 00
146b 00
146c 00
146d 00
1472 00
1473 00
1474 00
148e 00
148f 00
1490 00
1491 00
1508 00
1509 00
1516 00
1517 00
1529 00
152a 00
1535 00
1536 00
154a 00
154b 00
1554 00
1555 00
156c 00
156d 00
1572 00
1573 00
1608 00
1609 00
1616 00
1617 00
1629 00
162a 00
1635 00
1636 00
164a 00
164b 00
1654 00
1655 00
166c 00
166d 00
166e 00
1671 00
1672 00
1673 00
1708 00
1709 00
1716 00
1717 00
1729 00
172a 00
1735 00
1736 00
174a 00
174b 00
174c 00
1753 00
1754 00
1755 00
176c 00
176d 00
176e 00
176f 00
1770 00
1771 00
1772 00
1773 00
